73 5
5 154
154 263
263 56
56 96
96 42
42 58
58 95
95 72
72 271
271 68
134 107
107 130
130 129
227 167
167 298
298 209
209 146
146 170
170 173
173 117
117 0
0 92
92 243
243 62
203 80
80 97
97 28
28 57
57 55
55 223
223 143
143 269
269 290
290 110
110 121
121 299
299 293
293 148
148 150
150 152
98 70
70 255
128 131
131 132
132 133
242 18
18 43
43 118
118 207
207 169
169 127
127 208
208 297
297 168
168 166
166 226
13 26
26 94
94 219
219 217
217 31
31 215
215 111
111 116
116 36
36 78
301 20
273 138
138 284
284 114
114 245
245 48
48 206
206 144
144 172
237 24
304 35
35 115
115 86
86 214
214 27
27 216
216 218
218 76
76 238
238 50
91 52
52 75
75 171
44 7
256 1
1 46
212 270
270 32
32 10
3 247
247 249
249 225
261 260
260 259
259 103
103 302
302 104
104 71
71 88
88 268
268 240
240 9
9 239
239 23
23 22
22 49
276 258
155 157
157 158
158 286
286 102
102 285
285 15
15 8
8 300
300 34
34 161
161 125
125 235
235 163
163 236
236 250
250 122
122 252
252 69
69 39
39 234
234 82
82 274
274 175
175 177
177 213
213 179
179 33
33 181
181 183
183 184
184 185
185 254
254 188
188 141
141 278
278 289
289 190
190 192
192 194
194 196
196 198
198 180
266 135
135 54
54 231
231 66
66 59
59 232
112 14
14 89
145 228
228 205
205 244
244 100
100 303
303 136
136 305
305 139
153 151
151 149
149 295
295 291
291 294
294 77
77 109
109 292
292 147
147 29
29 222
222 79
79 90
90 2
2 81
81 204
224 229
229 4
4 246
246 11
93 87
87 74
74 165
165 241
241 108
108 137
137 123
123 37
37 84
84 101
101 221
221 220
220 201
201 211
211 210
210 262
262 306
6 83
200 199
199 197
197 195
195 193
193 191
191 189
189 280
280 279
279 140
140 187
187 186
186 296
296 126
126 182
182 248
248 25
25 178
178 142
142 176
176 174
174 113
113 124
124 253
253 30
30 67
67 164
164 119
119 120
120 61
61 19
19 162
162 51
51 160
160 159
159 64
64 287
287 267
267 288
288 283
283 281
281 282
282 156
60 38
38 65
65 230
230 47
47 265
265 264
99 53
53 45
45 12
12 41
41 272
272 106
106 17
17 63
63 202
202 16
16 40
40 105
21 233
233 277
257 275
235 264
264 163
19 266
266 162
122 70
70 252
164 70
70 119
122 1
1 252
252 46
164 1
1 119
119 46
179 128
128 33
246 65
65 11
11 230
3 230
65 247
246 59
231 11
3 231
231 247
247 59
47 35
35 265
265 115
135 115
35 54
47 36
116 265
135 116
116 54
54 36
240 10
10 9
240 91
108 91
91 137
208 104
104 127
209 104
104 146
207 251
251 118
118 85
85 207
57 242
242 28
57 243
243 28
109 276
276 292
143 133
133 269
97 68
68 57
79 99
27 98
27 46
46 216
217 98
98 31
217 46
46 31
