0 2
1 1
1 4
2 16
2 52
3 2
3 14
3 19
3 22
3 30
3 76
4 17
4 18
4 153
4 154
5 14
5 18
5 22
5 27
5 149
6 13
6 40
6 41
6 114
6 124
6 169
7 13
7 41
7 42
7 44
7 112
7 117
8 128
8 129
8 153
9 128
9 143
10 28
10 111
11 42
11 139
12 7
12 8
12 40
12 42
12 84
12 117
12 124
12 162
12 169
13 4
13 6
13 19
13 39
13 52
13 76
13 77
13 127
13 149
14 44
14 147
14 151
14 152
15 0
15 3
16 5
16 60
16 153
16 154
16 168
17 5
17 6
17 22
17 109
17 127
18 4
18 14
18 20
18 77
18 101
18 137
18 165
19 19
19 101
19 163
19 165
20 29
20 90
20 132
21 4
21 6
21 18
21 30
21 52
21 77
21 109
21 149
22 103
22 165
23 102
23 166
24 103
25 27
25 31
25 32
25 155
26 6
26 26
27 11
27 169
28 21
28 30
28 38
28 101
28 137
28 165
29 4
29 22
29 29
29 52
29 76
29 165
30 26
30 155
30 160
31 26
31 33
31 160
32 32
32 156
33 128
33 155
34 77
34 157
35 76
35 158
36 85
36 92
36 130
36 147
37 29
37 92
37 165
38 14
38 109
38 127
38 149
38 164
39 7
39 13
39 42
39 117
39 162
39 169
40 7
40 8
40 42
40 43
40 44
40 117
40 124
40 169
41 8
41 12
41 13
41 40
41 41
41 44
41 117
42 41
42 100
43 8
43 15
43 41
43 42
43 124
43 151
43 152
43 169
44 93
44 106
44 108
44 151
45 78
45 107
45 152
45 162
46 65
47 49
47 65
47 72
48 48
48 54
49 74
49 159
50 73
50 75
51 3
51 14
51 22
51 30
51 77
52 55
52 150
53 49
53 56
54 53
54 66
55 54
55 57
56 56
56 68
57 59
57 67
58 58
58 70
59 17
59 69
60 64
60 71
60 150
61 70
61 111
61 153
61 167
62 64
63 61
63 63
64 47
64 48
64 72
65 55
65 67
66 58
66 66
67 57
67 69
68 60
68 68
69 59
69 62
69 167
70 61
70 73
70 150
71 48
71 65
71 159
71 162
72 51
72 71
73 50
73 82
74 51
74 88
75 4
75 14
75 30
75 36
76 14
76 19
76 22
76 35
76 52
77 46
77 86
77 107
78 80
78 95
79 79
79 93
80 82
80 99
81 74
81 81
82 87
82 100
83 13
83 99
84 37
84 90
84 92
84 146
85 78
85 94
86 83
86 88
87 75
87 87
88 91
88 92
88 147
89 21
89 85
89 132
90 89
90 133
90 163
91 37
91 38
91 85
91 89
91 146
91 147
92 45
92 80
92 106
93 86
93 96
94 79
94 98
95 94
95 118
95 145
96 101
96 148
97 95
97 119
97 144
98 81
98 84
99 43
99 83
100 19
100 20
100 29
100 97
100 137
101 24
101 137
102 23
102 25
103 105
103 108
103 147
103 148
104 104
104 107
105 45
105 93
105 130
105 131
106 46
106 78
106 105
107 45
107 104
107 146
107 148
107 151
107 152
107 162
108 18
108 22
108 39
108 127
108 161
109 160
109 161
110 11
110 62
111 8
111 115
112 114
112 116
113 7
113 113
114 112
114 145
115 113
115 144
116 8
116 13
116 40
116 41
116 42
116 125
117 96
117 140
117 145
118 98
118 120
119 119
119 122
120 123
120 140
121 120
121 141
122 121
123 7
123 13
123 41
123 44
123 126
123 169
124 117
124 127
125 124
125 149
126 14
126 18
126 39
126 109
126 125
127 9
127 10
127 34
127 143
127 153
128 9
128 153
128 156
129 37
129 106
130 106
131 21
131 90
131 134
132 91
132 135
132 163
133 132
133 136
134 133
134 138
135 134
136 19
136 29
136 101
136 102
137 135
138 12
138 168
139 118
139 121
140 122
140 142
141 141
142 10
142 128
142 154
143 98
143 116
144 96
144 115
144 118
145 85
145 92
145 108
145 148
146 15
146 37
146 89
146 92
146 104
146 148
147 97
147 104
147 108
147 146
147 147
148 6
148 14
148 22
148 39
148 126
149 53
149 61
149 71
150 15
150 44
150 45
150 108
150 158
150 162
151 15
151 44
151 46
151 108
151 157
151 162
152 5
152 9
152 17
152 62
152 128
152 129
152 167
153 5
153 17
153 143
153 167
153 168
154 26
154 31
154 34
154 160
155 33
155 129
156 35
156 152
157 36
157 151
158 50
158 72
159 31
159 32
159 110
159 155
160 109
160 110
161 13
161 40
161 46
161 72
161 108
161 151
161 152
162 20
162 91
162 133
163 39
163 167
164 19
164 20
164 23
164 29
164 30
164 38
165 24
166 62
166 70
166 153
166 154
166 164
166 168
167 17
167 139
167 154
167 167
168 7
168 13
168 28
168 40
168 41
168 44
168 124
