0 1
0 2
0 7
0 27
0 28
0 78
0 79
0 101
0 107
0 123
0 133
0 135
0 139
0 177
0 183
0 184
1 1
1 2
1 27
1 28
1 49
1 78
1 79
1 85
1 108
1 123
1 129
1 132
1 135
1 177
1 183
2 3
2 4
2 5
2 12
2 15
2 17
2 33
2 38
2 80
2 91
2 136
2 144
2 161
2 188
2 191
2 192
2 193
2 195
3 3
3 4
3 5
3 6
3 12
3 15
3 16
3 17
3 33
3 80
3 91
3 93
3 136
3 138
3 144
3 160
3 187
3 191
3 192
3 193
3 195
4 3
4 4
4 5
4 15
4 16
4 17
4 33
4 38
4 48
4 80
4 91
4 93
4 136
4 144
4 188
4 191
4 192
4 195
5 4
5 6
5 15
5 16
5 33
5 38
5 48
5 91
5 93
5 124
5 136
5 144
5 174
6 1
6 7
6 11
6 27
6 28
6 45
6 79
6 85
6 92
6 106
6 107
6 108
6 110
6 123
6 132
6 135
6 153
6 177
6 179
6 201
7 8
7 14
7 59
7 84
7 88
7 151
7 185
7 186
8 9
8 43
8 77
8 81
8 82
8 84
8 88
8 104
8 146
8 151
8 204
9 10
9 31
9 40
9 71
9 73
9 83
9 117
9 122
9 156
9 164
9 176
10 7
10 11
10 28
10 44
10 46
10 55
10 92
10 105
10 106
10 108
10 132
10 152
10 171
10 173
10 178
10 179
11 3
11 4
11 12
11 15
11 17
11 33
11 80
11 127
11 144
11 154
11 155
11 159
11 160
11 161
11 162
11 163
11 187
11 188
11 191
11 192
11 193
11 195
12 0
12 13
12 37
12 51
12 53
12 54
12 58
12 62
12 109
12 111
12 114
12 115
12 116
12 140
12 142
12 143
12 145
12 194
12 199
13 8
13 14
13 34
13 59
13 77
13 84
13 88
13 89
13 130
13 146
13 151
13 185
14 3
14 4
14 5
14 6
14 12
14 15
14 16
14 33
14 38
14 91
14 93
14 136
14 138
14 144
14 187
14 191
14 192
14 193
15 4
15 5
15 6
15 15
15 16
15 23
15 29
15 30
15 33
15 38
15 48
15 64
15 65
15 91
15 93
15 101
15 124
15 133
15 134
15 136
15 138
15 144
15 165
15 166
15 170
15 196
16 3
16 4
16 5
16 12
16 17
16 80
16 136
16 154
16 157
16 160
16 161
16 162
16 187
16 188
16 191
16 192
16 193
16 195
17 18
17 21
17 35
17 50
17 189
17 200
18 19
18 20
18 22
18 32
18 39
18 57
18 68
18 74
18 94
18 96
18 97
18 98
18 103
18 119
18 128
18 154
18 175
18 198
19 19
19 20
19 22
19 32
19 39
19 57
19 68
19 74
19 94
19 96
19 98
19 102
19 103
19 119
19 127
19 155
19 175
19 206
20 18
20 21
20 35
20 50
20 121
20 200
21 19
21 20
21 22
21 32
21 39
21 57
21 68
21 70
21 74
21 94
21 96
21 98
21 102
21 103
21 119
21 175
21 206
22 16
22 23
22 124
22 165
22 170
22 174
23 24
23 37
23 42
23 53
23 54
23 58
23 62
23 95
23 109
23 111
23 114
23 125
23 142
23 145
23 168
23 169
23 171
23 173
24 25
24 56
24 95
24 120
24 123
24 125
24 129
24 139
24 147
25 26
26 1
26 2
26 7
26 27
26 28
26 55
26 78
26 79
26 85
26 105
26 106
26 107
26 108
26 132
26 152
26 171
26 173
26 178
26 183
27 1
27 2
27 7
27 11
27 27
27 28
27 79
27 85
27 107
27 108
27 123
27 132
27 135
27 153
27 177
27 179
27 184
27 201
28 16
28 29
28 30
28 38
28 48
28 64
28 166
28 196
29 16
29 29
29 30
29 48
29 56
29 64
29 65
29 101
29 124
29 138
29 166
29 170
29 196
30 10
30 31
30 83
30 99
30 122
30 156
30 176
31 19
31 20
31 22
31 32
31 39
31 57
31 68
31 94
31 96
31 97
31 98
31 103
31 127
31 154
31 155
31 159
31 163
31 206
32 3
32 4
32 5
32 6
32 12
32 15
32 16
32 33
32 38
32 91
32 93
32 136
32 138
32 144
32 166
32 191
32 192
32 193
32 196
33 14
33 34
33 88
33 89
33 104
33 151
33 182
33 186
33 204
34 18
34 21
34 35
34 50
34 66
34 121
34 126
34 189
34 200
35 0
35 36
35 67
35 115
35 117
35 118
35 140
35 142
35 145
35 199
36 0
36 13
36 24
36 37
36 42
36 54
36 58
36 95
36 111
36 114
36 115
36 125
36 142
36 145
36 168
36 169
37 3
37 5
37 6
37 15
37 16
37 29
37 33
37 38
37 48
37 91
37 93
37 136
37 138
37 144
37 166
37 192
37 196
38 19
38 20
38 22
38 32
38 39
38 57
38 68
38 71
38 74
38 94
38 97
38 98
38 103
38 119
38 175
38 198
39 10
39 40
39 67
39 68
39 70
39 71
39 72
39 83
39 98
39 102
39 103
39 113
39 118
39 122
39 176
39 190
39 205
40 41
40 43
40 76
40 77
40 81
40 82
40 87
40 89
40 100
40 104
40 130
40 131
40 146
40 148
40 197
41 0
41 24
41 37
41 42
41 53
41 54
41 58
41 62
41 95
41 111
41 114
41 125
41 142
41 145
41 168
41 169
41 173
41 194
42 9
42 41
42 43
42 76
42 77
42 81
42 82
42 84
42 88
42 100
42 130
42 131
42 148
42 151
42 158
42 197
42 204
43 11
43 44
43 85
43 108
43 132
43 152
43 178
43 179
43 201
44 7
44 45
44 55
44 153
44 171
44 178
44 179
44 202
44 203
45 11
45 46
45 50
45 92
45 189
46 47
46 52
46 60
46 63
46 69
46 75
46 81
46 113
46 137
46 141
46 164
47 5
47 6
47 16
47 29
47 30
47 38
47 48
47 56
47 64
47 91
47 93
47 101
47 136
47 138
47 166
47 196
48 2
48 49
48 78
48 79
48 101
48 129
48 133
48 134
48 135
48 139
48 147
48 184
49 18
49 21
49 35
49 46
49 50
49 121
49 200
50 13
50 51
50 109
50 112
51 47
51 52
51 69
51 73
51 76
51 137
51 141
51 164
52 13
52 24
52 42
52 53
52 58
52 62
52 95
52 110
52 111
52 112
52 114
52 125
52 167
52 168
52 169
52 201
53 0
53 13
53 24
53 37
53 42
53 54
53 58
53 95
53 111
53 114
53 115
53 125
53 142
53 145
53 168
53 169
54 11
54 27
54 45
54 55
54 66
54 79
54 85
54 92
54 105
54 106
54 108
54 110
54 132
54 152
54 171
54 178
54 179
55 25
55 30
55 48
55 56
55 101
55 133
55 139
55 170
56 19
56 20
56 22
56 32
56 39
56 57
56 68
56 71
56 94
56 97
56 98
56 103
56 175
56 190
56 205
57 0
57 13
57 24
57 37
57 42
57 53
57 54
57 58
57 62
57 109
57 111
57 114
57 116
57 142
57 143
57 167
58 8
58 14
58 59
58 88
58 151
58 182
58 185
58 186
59 47
59 60
59 63
59 69
59 75
59 76
59 81
59 82
59 131
59 137
59 141
59 146
59 158
60 61
60 72
60 113
60 117
60 140
60 141
60 199
61 13
61 24
61 42
61 53
61 58
61 62
61 110
61 114
61 142
61 143
61 167
62 47
62 60
62 63
62 69
62 75
62 76
62 81
62 82
62 131
62 137
62 141
62 146
62 158
63 16
63 29
63 30
63 48
63 64
63 65
63 101
63 134
63 166
63 170
63 196
64 16
64 30
64 64
64 65
64 166
64 170
64 196
65 35
65 55
65 66
65 105
66 0
66 36
66 40
66 67
66 102
66 115
66 117
66 118
66 119
66 140
66 145
66 175
66 199
67 19
67 20
67 22
67 32
67 39
67 40
67 57
67 68
67 70
67 71
67 74
67 96
67 98
67 102
67 103
67 117
67 119
67 175
68 47
68 52
68 60
68 63
68 69
68 72
68 75
68 113
68 137
68 141
68 164
68 190
68 205
69 22
69 40
69 68
69 70
69 71
69 73
69 98
69 102
69 103
69 122
69 164
69 175
69 176
70 10
70 39
70 40
70 57
70 68
70 70
70 71
70 72
70 74
70 102
70 113
70 117
70 119
70 141
70 156
70 175
70 190
70 205
71 40
71 61
71 69
71 71
71 72
71 73
71 74
71 102
71 113
71 117
71 119
71 122
71 140
71 141
71 175
71 176
71 190
71 199
71 205
72 10
72 52
72 70
72 72
72 73
72 102
72 113
72 118
72 137
72 141
72 164
72 190
73 19
73 20
73 22
73 39
73 68
73 71
73 72
73 74
73 94
73 98
73 103
73 119
73 175
73 190
73 205
74 47
74 60
74 63
74 69
74 75
74 81
74 113
74 131
74 137
74 141
74 158
75 41
75 43
75 52
75 60
75 63
75 76
75 77
75 81
75 82
75 84
75 130
75 137
75 197
76 9
76 14
76 41
76 43
76 76
76 77
76 81
76 82
76 84
76 88
76 89
76 130
76 146
76 151
76 172
76 185
76 197
76 204
77 1
77 2
77 27
77 49
77 78
77 79
77 85
77 123
77 129
77 132
77 135
77 147
77 177
77 183
78 1
78 2
78 7
78 27
78 28
78 49
78 55
78 78
78 79
78 85
78 106
78 108
78 132
78 152
78 177
78 178
78 183
79 3
79 4
79 5
79 12
79 17
79 80
79 128
79 136
79 154
79 157
79 160
79 161
79 162
79 163
79 187
79 188
79 191
79 192
79 193
79 195
79 198
80 9
80 41
80 43
80 47
80 60
80 63
80 75
80 76
80 77
80 81
80 82
80 89
80 104
80 130
80 131
80 146
80 158
81 9
81 41
81 43
81 60
81 63
81 76
81 77
81 81
81 82
81 84
81 88
81 130
81 131
81 137
81 146
81 148
81 158
81 197
81 204
82 10
82 31
82 40
82 83
82 90
82 122
82 156
82 176
83 8
83 9
83 14
83 43
83 76
83 77
83 82
83 84
83 88
83 89
83 130
83 146
83 151
83 172
83 185
84 2
84 7
84 27
84 28
84 44
84 55
84 78
84 79
84 85
84 105
84 106
84 107
84 108
84 132
84 152
84 171
84 173
84 177
84 178
85 86
85 87
85 100
85 131
85 146
85 158
85 172
85 180
85 181
86 41
86 86
86 87
86 100
86 130
86 148
86 150
86 172
86 180
86 181
86 197
86 204
87 8
87 9
87 14
87 34
87 43
87 59
87 77
87 82
87 84
87 88
87 89
87 104
87 130
87 146
87 151
87 185
88 14
88 34
88 41
88 77
88 81
88 84
88 88
88 89
88 104
88 151
88 186
88 204
89 83
89 90
89 99
89 122
89 149
90 3
90 4
90 5
90 6
90 15
90 16
90 33
90 38
90 48
90 91
90 93
90 136
90 138
90 144
90 166
90 174
90 192
90 196
91 7
91 11
91 46
91 55
91 92
91 105
91 152
91 171
91 173
91 178
92 4
92 5
92 6
92 15
92 16
92 33
92 38
92 48
92 91
92 93
92 136
92 138
92 144
92 166
92 174
92 191
92 196
93 19
93 20
93 22
93 32
93 39
93 57
93 74
93 94
93 96
93 97
93 119
93 128
93 154
93 157
93 175
93 198
93 206
94 24
94 25
94 37
94 42
94 53
94 54
94 95
94 109
94 111
94 120
94 125
94 139
94 142
94 145
94 167
95 19
95 20
95 22
95 32
95 68
95 94
95 96
95 97
95 98
95 127
95 128
95 154
95 155
95 159
95 160
95 163
95 198
95 206
96 19
96 32
96 39
96 57
96 94
96 96
96 97
96 127
96 128
96 154
96 155
96 157
96 159
96 161
96 162
96 163
96 188
96 198
96 206
97 19
97 20
97 22
97 32
97 39
97 40
97 57
97 68
97 70
97 74
97 96
97 98
97 102
97 103
97 119
97 175
98 31
98 90
98 99
98 149
98 156
99 41
99 43
99 86
99 87
99 100
99 130
99 148
99 150
99 172
99 197
100 1
100 16
100 30
100 48
100 49
100 56
100 64
100 101
100 123
100 133
100 134
100 135
100 138
100 166
100 170
100 196
101 20
101 22
101 40
101 67
101 68
101 70
101 71
101 72
101 73
101 98
101 102
101 103
101 117
101 118
101 119
101 175
101 176
101 190
101 205
102 19
102 20
102 22
102 32
102 39
102 40
102 57
102 68
102 70
102 74
102 98
102 102
102 103
102 117
102 119
102 175
102 176
103 9
103 34
103 41
103 81
103 88
103 89
103 104
103 151
103 186
103 197
104 11
104 27
104 55
104 66
104 85
104 92
104 105
104 106
104 108
104 110
104 132
104 179
105 7
105 11
105 27
105 55
105 79
105 85
105 105
105 106
105 108
105 132
106 1
106 7
106 27
106 28
106 85
106 107
106 110
106 123
106 132
106 171
106 177
106 201
107 2
107 7
107 11
107 27
107 28
107 44
107 55
107 79
107 85
107 105
107 106
107 108
107 132
107 171
107 173
107 178
108 13
108 24
108 51
108 58
108 95
108 109
108 112
108 114
108 125
108 129
108 147
108 168
108 169
109 7
109 53
109 55
109 62
109 105
109 107
109 110
109 125
109 167
109 168
109 169
109 171
109 173
109 178
109 201
110 0
110 13
110 24
110 37
110 42
110 53
110 54
110 58
110 95
110 111
110 114
110 115
110 125
110 142
110 145
110 168
110 169
111 51
111 53
111 109
111 112
111 194
112 40
112 47
112 61
112 69
112 71
112 72
112 73
112 75
112 113
112 117
112 122
112 141
112 164
112 176
112 190
112 205
113 0
113 13
113 24
113 37
113 42
113 53
113 54
113 58
113 62
113 109
113 111
113 114
113 116
113 142
113 143
113 167
114 0
114 13
114 36
114 37
114 54
114 67
114 111
114 115
114 116
114 118
114 142
114 145
115 0
115 13
115 58
115 114
115 115
115 116
115 117
115 140
115 143
115 199
116 10
116 36
116 61
116 67
116 68
116 71
116 72
116 102
116 103
116 113
116 116
116 117
116 118
116 140
116 156
116 190
116 199
117 0
117 36
117 40
117 67
117 73
117 102
117 115
117 117
117 118
117 119
117 140
117 175
117 176
117 199
118 19
118 20
118 22
118 39
118 67
118 68
118 71
118 72
118 74
118 94
118 98
118 102
118 103
118 118
118 119
118 175
118 190
118 205
119 25
119 95
119 120
119 125
119 129
119 139
120 21
120 35
120 50
120 121
120 189
121 10
121 31
121 40
121 70
121 72
121 83
121 90
121 113
121 122
121 156
121 176
121 190
122 1
122 2
122 7
122 25
122 28
122 78
122 101
122 107
122 123
122 133
122 135
122 139
122 177
122 184
123 6
123 16
123 23
123 30
123 124
123 134
123 165
123 166
123 174
123 196
124 0
124 24
124 25
124 37
124 42
124 53
124 54
124 95
124 109
124 110
124 111
124 120
124 125
124 142
124 145
124 167
124 194
125 35
125 126
125 189
126 12
126 20
126 32
126 96
126 97
126 127
126 128
126 154
126 155
126 157
126 159
126 160
126 162
126 163
126 187
126 198
126 206
127 19
127 80
127 94
127 96
127 97
127 127
127 128
127 154
127 155
127 157
127 159
127 160
127 161
127 162
127 163
127 188
127 195
127 198
127 206
128 2
128 25
128 49
128 78
128 109
128 120
128 129
128 133
128 135
128 139
128 147
129 14
129 41
129 43
129 76
129 77
129 81
129 82
129 84
129 87
129 88
129 100
129 130
129 148
129 151
129 197
129 204
130 41
130 43
130 60
130 63
130 75
130 81
130 82
130 86
130 131
130 146
130 158
130 172
130 197
130 204
131 2
131 7
131 11
131 27
131 28
131 44
131 55
131 78
131 79
131 85
131 105
131 106
131 107
131 108
131 132
131 152
131 168
131 171
131 173
131 178
132 1
132 16
132 49
132 56
132 101
132 123
132 129
132 133
132 134
132 135
132 138
132 166
132 177
132 183
132 196
133 16
133 49
133 64
133 101
133 124
133 133
133 134
133 135
133 166
133 170
134 1
134 2
134 7
134 28
134 49
134 78
134 101
134 123
134 129
134 133
134 134
134 135
134 139
134 177
134 183
134 184
135 3
135 4
135 5
135 6
135 15
135 16
135 17
135 33
135 38
135 48
135 80
135 91
135 93
135 136
135 138
135 144
135 192
136 47
136 52
136 60
136 63
136 69
136 73
136 75
136 76
136 82
136 137
136 141
136 164
137 4
137 15
137 16
137 30
137 33
137 38
137 48
137 91
137 93
137 101
137 133
137 136
137 138
137 144
137 165
137 166
137 196
138 1
138 25
138 49
138 56
138 95
138 120
138 123
138 129
138 135
138 139
138 147
138 177
138 183
139 0
139 13
139 36
139 61
139 67
139 72
139 116
139 117
139 118
139 140
139 143
139 190
139 199
140 47
140 52
140 60
140 61
140 63
140 69
140 71
140 72
140 73
140 75
140 113
140 137
140 141
140 164
140 176
140 190
140 205
141 0
141 13
141 24
141 36
141 37
141 42
141 54
141 58
141 62
141 95
141 111
141 114
141 115
141 125
141 142
141 143
141 145
141 169
142 0
142 13
142 58
142 62
142 114
142 116
142 140
142 142
142 143
142 145
142 199
143 3
143 4
143 5
143 6
143 12
143 15
143 16
143 33
143 38
143 91
143 93
143 136
143 138
143 144
143 166
143 191
143 193
143 196
144 0
144 13
144 24
144 36
144 37
144 42
144 54
144 67
144 95
144 111
144 115
144 125
144 142
144 143
144 145
145 9
145 14
145 41
145 60
145 63
145 77
145 81
145 82
145 84
145 86
145 88
145 131
145 146
145 148
145 151
145 158
145 172
145 197
145 204
146 25
146 49
146 78
146 109
146 129
146 139
146 147
147 41
147 43
147 82
147 87
147 100
147 130
147 146
147 148
147 150
147 197
148 90
148 99
148 149
149 87
149 100
149 148
149 150
149 180
149 197
150 8
150 9
150 14
150 34
150 43
150 59
150 77
150 84
150 88
150 89
150 104
150 130
150 146
150 151
150 185
151 11
151 27
151 44
151 55
151 79
151 85
151 92
151 132
151 152
152 7
152 28
152 45
152 153
152 177
152 203
153 12
153 17
153 19
153 32
153 80
153 94
153 96
153 97
153 127
153 128
153 154
153 155
153 157
153 159
153 160
153 161
153 162
153 163
153 187
153 188
153 195
153 198
153 206
154 12
154 20
154 32
154 96
154 97
154 127
154 128
154 154
154 155
154 157
154 159
154 160
154 161
154 162
154 163
154 187
154 188
154 193
154 195
154 198
154 206
155 10
155 31
155 71
155 83
155 99
155 117
155 122
155 156
155 176
156 17
156 80
156 94
156 97
156 127
156 128
156 154
156 155
156 157
156 159
156 160
156 161
156 162
156 163
156 187
156 188
156 195
156 198
156 206
157 43
157 60
157 63
157 75
157 81
157 82
157 86
157 131
157 146
157 158
157 172
157 197
157 204
158 12
158 32
158 96
158 97
158 127
158 128
158 154
158 155
158 157
158 159
158 160
158 161
158 162
158 163
158 187
158 188
158 193
158 195
158 198
158 206
159 4
159 12
159 17
159 80
159 96
159 127
159 128
159 154
159 155
159 157
159 159
159 160
159 161
159 162
159 163
159 187
159 188
159 191
159 193
159 195
159 198
159 206
160 3
160 12
160 17
160 80
160 97
160 128
160 154
160 155
160 157
160 159
160 160
160 161
160 162
160 163
160 187
160 188
160 192
160 193
160 195
160 198
161 12
161 17
161 80
161 97
161 127
161 128
161 154
161 155
161 157
161 159
161 160
161 161
161 162
161 163
161 187
161 188
161 192
161 195
161 198
161 206
162 12
162 32
162 80
162 96
162 97
162 127
162 128
162 154
162 155
162 157
162 159
162 160
162 161
162 162
162 163
162 187
162 188
162 191
162 193
162 198
162 206
163 10
163 47
163 52
163 69
163 70
163 73
163 113
163 137
163 141
163 164
163 190
164 16
164 23
164 124
164 138
164 165
164 166
164 170
164 174
164 196
165 16
165 29
165 30
165 33
165 38
165 48
165 64
165 65
165 91
165 93
165 101
165 124
165 133
165 134
165 138
165 144
165 165
165 166
165 170
165 196
166 53
166 58
166 62
166 95
166 110
166 114
166 125
166 167
166 168
166 169
166 178
166 201
167 24
167 37
167 42
167 53
167 54
167 109
167 110
167 111
167 132
167 167
167 168
167 169
167 171
167 173
167 179
167 202
168 24
168 37
168 42
168 53
168 54
168 109
168 110
168 111
168 142
168 167
168 168
168 169
168 171
168 173
169 16
169 23
169 30
169 56
169 64
169 65
169 101
169 134
169 165
169 166
169 170
169 196
170 11
170 24
170 27
170 45
170 55
170 85
170 92
170 107
170 108
170 110
170 132
170 168
170 169
170 171
170 173
170 178
170 179
170 201
170 202
171 77
171 84
171 86
171 87
171 100
171 131
171 146
171 158
171 172
171 180
171 181
171 197
172 11
172 24
172 27
172 42
172 85
172 92
172 108
172 110
172 132
172 168
172 169
172 171
172 173
172 179
172 201
172 202
173 6
173 23
173 91
173 93
173 124
173 165
173 174
174 19
174 20
174 22
174 39
174 57
174 67
174 68
174 70
174 71
174 72
174 74
174 94
174 98
174 102
174 103
174 118
174 119
174 175
174 190
174 205
175 10
175 31
175 40
175 70
175 72
175 83
175 102
175 103
175 113
175 118
175 122
175 141
175 156
175 176
175 190
176 1
176 2
176 7
176 28
176 78
176 79
176 85
176 107
176 123
176 133
176 135
176 139
176 153
176 177
176 184
177 11
177 27
177 44
177 45
177 55
177 79
177 85
177 92
177 108
177 110
177 132
177 167
177 171
177 178
177 179
177 201
178 7
178 11
178 28
178 44
178 45
178 55
178 105
178 168
178 171
178 173
178 178
178 179
178 203
179 86
179 87
179 150
179 172
179 180
179 181
180 86
180 87
180 172
180 180
180 181
181 34
181 59
181 182
181 186
182 1
182 2
182 27
182 78
182 79
182 133
182 135
182 139
182 183
182 184
183 1
183 28
183 49
183 123
183 135
183 177
183 183
183 184
184 8
184 14
184 59
184 77
184 84
184 88
184 151
184 185
184 186
185 8
185 34
185 59
185 89
185 104
185 182
185 185
185 186
186 4
186 12
186 15
186 17
186 80
186 127
186 154
186 155
186 157
186 159
186 160
186 161
186 162
186 163
186 187
186 188
186 191
186 192
186 193
186 195
186 206
187 3
187 5
187 12
187 17
187 80
187 97
187 128
187 154
187 155
187 157
187 159
187 160
187 161
187 162
187 163
187 187
187 188
187 191
187 192
187 193
187 195
187 198
188 18
188 35
188 46
188 121
188 126
188 189
189 40
189 57
189 69
189 71
189 72
189 73
189 74
189 102
189 113
189 117
189 119
189 122
189 140
189 141
189 164
189 175
189 176
189 190
189 199
189 205
190 3
190 4
190 5
190 12
190 15
190 17
190 33
190 80
190 93
190 144
190 160
190 163
190 187
190 188
190 191
190 192
190 193
190 195
191 3
191 4
191 5
191 12
191 15
191 17
191 33
191 38
191 80
191 91
191 136
191 161
191 162
191 187
191 188
191 191
191 192
191 193
191 195
192 3
192 4
192 12
192 15
192 17
192 33
192 80
192 144
192 155
192 159
192 160
192 161
192 163
192 187
192 188
192 191
192 192
192 193
192 195
193 13
193 42
193 112
193 125
193 194
194 3
194 4
194 5
194 12
194 17
194 80
194 128
194 154
194 155
194 157
194 159
194 160
194 161
194 162
194 187
194 188
194 191
194 192
194 193
194 195
194 198
195 16
195 29
195 30
195 33
195 38
195 48
195 64
195 65
195 91
195 93
195 101
195 124
195 133
195 138
195 144
195 165
195 166
195 170
195 196
196 41
196 43
196 76
196 77
196 82
196 87
196 100
196 104
196 130
196 131
196 146
196 148
196 150
196 158
196 172
196 197
196 204
197 19
197 39
197 80
197 94
197 96
197 97
197 127
197 128
197 154
197 155
197 157
197 159
197 160
197 161
197 162
197 163
197 188
197 195
197 198
197 206
198 0
198 13
198 36
198 61
198 67
198 72
198 116
198 117
198 118
198 140
198 143
198 190
198 199
199 18
199 21
199 35
199 50
199 200
200 7
200 28
200 44
200 53
200 107
200 110
200 167
200 171
200 173
200 178
200 201
200 202
201 45
201 168
201 171
201 173
201 201
201 202
202 45
202 153
202 179
202 203
203 9
203 34
203 43
203 77
203 82
203 87
203 89
203 130
203 131
203 146
203 158
203 197
203 204
204 40
204 57
204 69
204 71
204 72
204 74
204 102
204 113
204 119
204 141
204 175
204 190
204 205
205 20
205 22
205 32
205 94
205 96
205 97
205 127
205 128
205 154
205 155
205 157
205 159
205 160
205 162
205 163
205 187
205 198
205 206
